"inflammatory_bowel_disease"	"multiple_sclerosis"	"telomere_length"	"platelet_counts"	"metabolite_levels"	"hdl_cholesterol"	"c.reactive_protein"	"ldl_cholesterol"	"cholesterol__total"	"ulcerative_colitis"	"breast_cancer"	"crohns_disease"	"type_1_diabetes"	"celiac_disease"	"rheumatoid_arthritis"	"systemic_lupus_erythematosus"
"H3K4me3_Mobilized_CD34_Primary_Cells"	15.8249966056428	4.56034212798325	2.76962704674166	15.0774820122312	0.193134809055218	0.483044011577102	0	0.0424584734722914	0.140599148104313	1.84904920323399	1.53367428794546	3.93135418822725	0.522776162465281	0.223968950489438	1.21029363427106	1.70493465671083
"H3K4me3_Treg_Primary_Cells"	16.4460398523061	8.36109771017776	2.39088746326809	5.31575768671874	0.156396340002137	0	0	0.0424584734722914	0.705520767043295	1.82772583993678	1.09865928331095	2.92072401600287	5.92635944588947	3.4950142345453	7.6712688062816	4.15730539542986
"H3K4me3_CD4_Memory_Primary_Cells"	13.9291341739404	11.016135098159	2.80764423340044	1.70710445567775	0.204481209077516	0.0301517543027238	0.00691717782632631	0	0.316958836662185	0.109448011951065	1.89877496911101	3.93135418822725	1.99565056821106	2.32469772785658	1.30897708448634	2.28468744496045
"H3K4me3_CD8_Naive_Primary_Cells"	8.51712710925937	7.27789016789829	2.8471765526264	2.2805546262248	0.193134809055218	0	0	0.134718487816375	0.705520767043295	0.802817828127788	1.02352252322383	1.52424058915517	2.16664437037697	3.07602823856415	1.21029363427106	1.25633759589637
"H3K4me3_CD4_Naive_Primary_Cells"	10.3051093060644	8.35072955767072	2.80764423340044	1.98798588534125	0.193134809055218	0.316529238963236	0	0.231622502527332	0.705520767043295	1.09156619573024	1.02352252322383	3.93135418822725	3.01278321440584	2.26416273843912	1.5885301873244	1.61101036980367
"H3K4me3_CD8_Memory_Primary_Cells"	11.7665499456035	7.56388412801391	2.80764423340044	1.63680452629174	0.156396340002137	0.144667170503742	0	0.0424584734722914	0.705520767043295	1.09156619573024	0.765503662299009	3.1115946759029	3.01278321440584	2.77846052080478	3.55522661026687	2.23482480859225
"H3K4me3_Adult_Liver"	1.62960522972823	0.522887504844172	2.51960638680388	2.97419687160592	2.5296701208159	5.3213402914851	8.05483875001423	6.76958053487171	7.86306127698265	0.0394324071012089	0	0	-0.0114463292055951	0.100998519906655	0.292512766324916	0.893612541709628
"H3K4me3_Duodenum_Mucosa"	8.84837723258126	1.09746319209321	2.59090781169271	1.18423145301316	0.193134809055218	0.316529238963236	0	1.35424099447913	1.71717649059875	0.928431566547305	0.662279076078537	1.57189271536697	0.0114463292055951	0.361092571392949	0.837225142970294	1.24787493482346
"H3K4me3_CD19_Primary_Cells"	8.90924799759109	2.55471832704102	1.91373637670061	2.06750318367744	0.193134809055218	-0.128128011128398	0.00691717782632631	0	0	0.0603977977202166	0.0708498512588172	1.26767079012829	0.250866118243432	1.08072503192285	1.69448146722082	2.23482480859225
"H3K4me3_Rectal_Mucosa"	10.3051093060644	2.49693652268292	3.14084180503551	2.97419687160592	0.156396340002137	0.144803306756172	0	0.609037938496361	0.686857337784124	1.85107954261897	0.880981388310301	1.91759256929059	0.841450228172648	1.79917133637235	1.21029363427106	2.62431995201435
"H3K4me3_Adipose_Nuclei"	7.4659314486766	3.93464274563647	2.67793852366595	5.31575768671874	0.0717676992545946	0.483044011577102	0.00691717782632631	0.0424584734722914	0	0.802817828127788	1.89877496911101	0.902477577103034	0.0109997000404799	0.0783946529495255	0.837225142970294	1.60263012056106
"H3K4me3_Rectal_Smooth_Muscle"	6.71179637227167	1.70462167112627	2.80764423340044	3.30366273837137	0.300424492080565	0	0	0.753948015895503	0.705520767043295	0.802817828127788	1.70326247800564	1.57363281332246	0	0.0268456544473848	1.07394668497998	2.21683300842946
"H3K4me3_Colonic_Mucosa"	5.23238676666209	1.49331497631553	2.34107414917794	2.2805546262248	0.193134809055218	0.10486357189835	0.00691717782632631	1.09226254870326	0.705520767043295	1.09156619573024	0.667162092034377	1.26767079012829	-0.0114463292055951	0.0756912332052766	0.999412127866902	0.917087648606179
"H3K4me3_Duodenum_Smooth_Muscle"	5.35474391089834	0.919131785328879	2.80764423340044	2.48101802958462	0.300424492080565	0.144667170503742	0	0.444303918189474	0.723295140031925	0.749214976046132	0.568009070664847	1.26767079012829	0	0.100998519906655	1.08952645904875	1.68994810296077
"H3K4me3_CD3_Primary_Cells"	3.72930175572895	5.39089156092998	2.51960638680388	1.72721796980371	0.178316636474978	0.144803306756172	0	0.253744719040888	0.705520767043295	0.109448011951065	1.03363378718372	0.228847688396427	0.0917261127795961	3.4950142345453	0.575872957143497	1.60263012056106
"H3K4me3_CD34_Cultured_Cells"	2.62155553388716	0.847355589140542	3.14084180503551	1.47891998115896	0.306654155671831	0.306770106490473	0.00691717782632631	0.313910928699987	0.683184643220099	0.299857676234267	0	1.8708243733851	0.0114463292055951	1.36834914330254	0.307923649964863	1.01795300614264
"H3K4me3_Pancreatic_Islets"	0.9780840046428	0.423079210627209	2.90503123362471	1.42350455534582	0.428778053685951	0.483044011577102	0.00691717782632631	1.09226254870326	0.81778397291449	-0.0591086753972499	0.662279076078537	0.415805924819005	0.0114463292055951	0.0268456544473848	0.963380551366802	0.997441848473066
"H3K4me3_Chondrocytes_from_Bone_Marrow_Derived_Mesenchymal_Stem_Cell_Cultured_Cells"	0.981236103247959	0.919131785328879	2.8471765526264	1.52627254885713	0.300424492080565	0.306770106490473	0	2.57454557924566	0.705520767043295	0.109448011951065	0.956824142803389	0.228847688396427	-0.0917261127795961	0.0231720605625325	0.194874252802209	0.99447192335531
"H3K4me3_Brain_Substantia_Nigra"	1.32354567300272	0.58305111704188	3.14084180503551	3.30366273837137	0.300424492080565	0.10486357189835	0.00691717782632631	1.41651740413072	0.705520767043295	0.0538273248894003	0.420506386031451	-0.0231577790242086	-0.0114463292055951	0.0268456544473848	0.771446235389335	0.842563886305806
"H3K4me3_Brain_Anterior_Caudate"	1.62960522972823	1.49331497631553	2.8471765526264	2.97419687160592	0.428778053685951	0.128529110789637	0	1.92911982191571	0.705520767043295	-0.0468973427589246	0.70711193345493	0	0.0114463292055951	0	0.633763960752025	0.893612541709628
"H3K4me3_Mesenchymal_Stem_Cell_Derived_Adipocyte_Cultured_Cells"	2.79471381394359	0.789277048089308	2.67793852366595	1.72721796980371	0.292452754427279	2.53471463311359	0	0.609037938496361	0.81778397291449	0.0394324071012089	1.89877496911101	0	-0.841450228172648	0	0.575872957143497	1.60263012056106
"H3K4me3_Colon_Smooth_Muscle"	2.93491784518737	0.0733919108811398	2.80764423340044	1.70710445567775	0.300424492080565	0.144667170503742	0.00691717782632631	0.444303918189474	0.705520767043295	0.749214976046132	1.99076289031114	0.963167735512956	0	0.0268456544473848	0.334545385832106	1.01795300614264
"H3K4me3_Bone_Marrow_Derived_Mesenchymal_Stem_Cell_Cultured_Cells"	2.62318205358026	0.644198718465309	2.43257424167805	3.30366273837137	0.178316636474978	0.483044011577102	0	0.564082099361493	0.391674884540262	0.108885934667014	0.635239602740883	1.26770008995716	-0.250866118243432	0.100998519906655	0.575872957143497	1.06314505314359
"H3K4me3_Adipose_Derived_Mesenchymal_Stem_Cell_Cultured_Cells"	2.57270315275601	0.940372962780693	2.51960638680388	3.51983618429668	-0.193035866644352	0.483044011577102	0	0.288660409512969	0.503948575917284	0	1.89877496911101	0.228847688396427	-0.178940155233069	0.100998519906655	0.633763960752025	1.60263012056106
"H3K4me3_Stomach_Smooth_Muscle"	3.07329404113287	0.919131785328879	2.8471765526264	3.1212028635441	0.156396340002137	0.483044011577102	0	0.564082099361493	0.705520767043295	0.109448011951065	1.99076289031114	0.795369124943369	0	0	0.194874252802209	0.842563886305806
"H3K4me3_Adult_Kidney"	2.50158873010266	0.903187888437277	2.8471765526264	1.36606640007421	0.300424492080565	0.0301517543027238	0.00691717782632631	0.253744719040888	0.627343657331225	0.12051507435124	0.895361134869694	0.224319479386434	-0.0114463292055951	0.0312355750092457	1.07394668497998	1.42981774413706
"H3K4me3_Skeletal_Muscle"	2.86522377188609	1.27230707858587	2.2311438440135	2.07304041617306	0.178316636474978	1.29770900797678	0	0.245690379603907	0.332305488799393	0.109448011951065	0.667162092034377	0	0.144163572351515	0.100998519906655	0.837225142970294	1.24787493482346
"H3K4me3_Stomach_Mucosa"	2.71876730598608	0.587719179739019	1.9653250438122	1.70710445567775	0.428778053685951	0.483044011577102	0.00691717782632631	1.41651740413072	1.02827101392881	0	0.301873282785107	0.236673055011768	0	0	0.618187753199826	0.520966204308665
"H3K4me3_Brain_Inferior_Temporal_Lobe"	1.94282522015048	0.492461719170183	1.65023184355248	2.48101802958462	0.300424492080565	0.34408118499743	0.00691717782632631	0.609037938496361	0.503948575917284	-0.0394324071012089	0.367847516360905	0	-0.0114463292055951	0	0.575872957143497	0.829233406862889
"H3K4me3_Brain_Cingulate_Gyrus"	1.34155537437696	0.885873041560677	1.64356841109557	2.42580912748948	0.300424492080565	0.212443001929483	0.00691717782632631	0.609037938496361	0.683184643220099	-0.0394324071012089	0.617926858117405	0	0.0114463292055951	0	0.572954608281889	0.829233406862889
"H3K4me3_Brain_Hippocampus_Middle"	2.09580273249376	0.434167568456653	2.80764423340044	2.35026517847976	0.300424492080565	0.172222108756891	0.00691717782632631	0.753948015895503	0.705520767043295	0.0538273248894003	0.717689035730174	0	0.0114463292055951	0.0268456544473848	1.07394668497998	0.842563886305806
"H3K4me3_Muscle_Satellite_Cultured_Cells"	2.27139351787886	1.27230707858587	2.43826516669067	2.66870689554466	0.178316636474978	0.316529238963236	0	0.564082099361493	0.705520767043295	0.0394324071012089	0.638381119471164	0.236673055011768	-0.0114463292055951	0.100998519906655	0.287028355262117	0.997441848473066
